182.0, 170.0, 1.0
182.25054999999998, 170.478365, 1.0
182.3798, 171.05955, 1.0
182.35625, 171.71193, 1.0
182.15683, 172.3954, 1.0
181.76875, 173.06357, 1.0
181.19125000000003, 173.66632, 1.0
180.43650000000002, 174.15295, 1.0
179.52960000000002, 174.47534, 1.0
178.50824999999998, 174.59123, 1.0
177.42084999999997, 174.46725, 1.0
176.32479999999998, 174.081725, 1.0
175.28345000000002, 173.42679, 1.0
174.36266999999998, 172.5099, 1.0
173.62738000000002, 171.35455, 1.0
173.1375, 170.0, 1.0
172.944275, 168.500275, 1.0
173.08673, 166.92203, 1.0
173.58853, 165.34181, 1.0
174.45569999999998, 163.84244, 1.0
175.675, 162.5089, 1.0
177.21339999999998, 161.42386, 1.0
179.018615, 160.6631, 1.0
181.02044999999998, 160.290985, 1.0
183.133425, 160.356275, 1.0
185.260375, 160.88867, 1.0
187.29685, 161.89598, 1.0
189.13580000000002, 163.3624, 1.0
190.67322000000001, 165.24791, 1.0
191.81357000000003, 167.48889, 1.0
192.47500000000002, 169.99994, 1.0
192.59447999999998, 172.67697, 1.0
192.13189999999997, 175.4014, 1.0
191.07344999999998, 178.04525, 1.0
189.4337, 180.47705, 1.0
187.25631499999997, 182.56815, 1.0
184.6137, 184.19925, 1.0
181.604675, 185.266725, 1.0
178.35116499999998, 185.6886, 1.0
174.99325, 185.40953, 1.0
171.6834, 184.40494, 1.0
168.57968, 182.683685, 1.0
165.83819999999997, 180.28925, 1.0
163.60568, 177.299285, 1.0
162.01187, 173.82355, 1.0
161.16250000000002, 170.00003, 1.0
161.13315, 165.98975, 1.0
161.96432499999997, 161.97, 1.0
163.65786500000002, 158.12674, 1.0
166.17523, 154.646, 1.0
169.43752999999998, 151.7052, 1.0
173.32760000000002, 149.4643, 1.0
177.69381499999997, 148.057525, 1.0
182.35590000000002, 147.58597, 1.0
187.11212, 148.111465, 1.0
191.74804999999998, 149.65207, 1.0
196.04586999999998, 152.179475, 1.0
199.79475000000002, 155.6185, 1.0
202.80065000000002, 159.8487, 1.0
204.89634999999998, 164.70833, 1.0
205.95, 170.00023, 1.0
205.87277, 175.4997, 1.0
204.6245, 180.963835, 1.0
202.21747, 186.1423, 1.0
198.7176, 190.788465, 1.0
194.24345, 194.67108, 1.0
188.962675, 197.58551, 1.0
183.085875, 199.364135, 1.0
176.8585, 199.88535, 1.0
170.55059999999997, 199.0808, 1.0
164.4454, 196.94035, 1.0
158.82663000000002, 193.5146, 1.0
153.9655, 188.914475, 1.0
150.10779, 183.30821, 1.0
147.46179, 176.91556, 1.0
146.1875, 169.99933, 1.0
146.387725, 162.854765, 1.0
148.10155, 155.79715, 1.0
151.30049, 149.1478, 1.0
155.88777, 143.21974, 1.0
161.70049999999998, 138.303175, 1.0
168.51515, 134.65143, 1.0
176.05579999999998, 132.46834, 1.0
184.00522, 131.89743, 1.0
192.01806499999998, 133.013535, 1.0
199.73575, 135.81745, 1.0
206.8023, 140.233565, 1.0
212.88065, 146.111175, 1.0
217.66865, 153.229125, 1.0
220.9135, 161.30377, 1.0
222.425, 170.00017, 1.0
222.7901, 174.49765, 1.0
222.67649999999998, 179.07147, 1.0
222.07226500000002, 183.67047, 1.0
220.970825, 188.241835, 1.0
219.37144999999998, 192.73166, 1.0
217.279175, 197.085585, 1.0
214.70508, 201.24942, 1.0
211.66609999999997, 205.169785, 1.0
208.18518, 208.79483, 1.0
204.29095, 212.074815, 1.0
200.01772999999997, 214.9628, 1.0
195.4051, 217.41522, 1.0
190.49761999999998, 219.39260000000002, 1.0
185.34445, 220.86, 1.0
179.99878, 221.78750000000002, 1.0
174.5174, 222.15095000000002, 1.0
168.960085, 221.93200000000002, 1.0
163.388915, 221.11885, 1.0
157.86767500000002, 219.70614999999998, 1.0
152.46106, 217.695525, 1.0
147.233965, 215.09561, 1.0
142.25073, 211.92205, 1.0
137.574415, 208.19755, 1.0
133.26593, 203.951765, 1.0
129.38335, 199.22107, 1.0
125.98114000000001, 194.04828, 1.0
123.10943499999999, 188.48239, 1.0
120.8134, 182.57799, 1.0
119.1325, 176.39485, 1.0
118.09998999999999, 169.997315, 1.0
117.74238500000001, 163.45366, 1.0
118.07896500000001, 156.83531, 1.0
119.12143, 150.21617, 1.0
120.87356500000001, 143.67177, 1.0
123.331085, 137.278425, 1.0
126.48147499999999, 131.11232, 1.0
130.30391, 125.24871999999999, 1.0
134.76947, 119.76096999999999, 1.0
139.84114, 114.71966499999999, 1.0
145.474215, 110.19176999999999, 1.0
151.616515, 106.23973000000001, 1.0
158.20898499999998, 102.92068499999999, 1.0
165.18615, 100.28569999999999, 1.0
172.47680000000003, 98.37903, 1.0
180.00457999999998, 97.23749000000001, 1.0
187.68893500000001, 96.88986, 1.0
195.44585, 97.356415, 1.0
203.18878, 98.64853, 1.0
210.82960000000003, 100.76828, 1.0
218.27960000000002, 103.70840000000001, 1.0
225.45053000000001, 107.45204000000001, 1.0
232.25549999999998, 111.972825, 1.0
238.61014999999998, 117.234985, 1.0
244.433625, 123.1936, 1.0
249.64954999999998, 129.79489, 1.0
254.187, 136.976685, 1.0
257.9815, 144.669065, 1.0
260.9757, 152.79486, 1.0
263.12035, 161.27054, 1.0
264.375, 170.006975, 1.0
264.7085, 178.910415, 1.0
264.0996, 187.883425, 1.0
262.5375, 196.82596, 1.0
260.0219, 205.63649, 1.0
258.4095, 220.016325, 2.0
259.05652, 220.73102, 2.0
259.95945, 222.81470000000002, 2.0
261.34475, 226.09097500000001, 2.0
263.38272, 230.28285, 2.0
266.1662, 235.03570000000002, 2.0
269.69675, 239.94756999999998, 2.0
273.87982, 244.60275000000001, 2.0
278.52905, 248.60649999999998, 2.0
283.3801, 251.61767500000002, 2.0
288.11197, 253.3764, 2.0
292.37505, 253.72455000000002, 2.0
295.822265, 252.61706500000003, 2.0
298.1415, 250.12372, 2.0
299.08545, 246.42039999999997, 2.0
298.49713, 241.77203500000002, 2.0
296.32765, 236.50709999999998, 2.0
292.645325, 230.98809999999997, 2.0
287.6347, 225.57875, 2.0
281.58565, 220.61181499999998, 2.0
274.873, 216.36107, 2.0
267.92877, 213.018035, 2.0
261.209165, 210.67765, 2.0
255.15895, 209.33255, 2.0
250.176, 208.87729, 2.0
246.58022999999997, 209.1215, 2.0
244.5879, 209.81114, 2.0
244.29461500000002, 210.65544, 2.0
245.66852, 211.357285, 2.0
248.55354999999997, 211.644135, 2.0
252.68292000000002, 211.2964, 2.0
257.70178, 210.17096, 2.0
263.19685, 208.2172, 2.0
268.73047, 205.48436, 2.0
273.87615, 202.11935, 2.0
278.25305, 198.354965, 2.0
281.5552, 194.489775, 2.0
283.57477, 190.86128, 2.0
284.21588, 187.814835, 2.0
283.49872, 185.670975, 2.0
281.5536, 184.694365, 2.0
278.6056, 185.06694, 2.0
274.9511, 186.86785, 2.0
270.9289, 190.0622, 2.0
266.88775, 194.499635, 2.0
263.15455, 199.922865, 2.0
260.0043, 205.9859, 2.0
257.63665, 212.28012, 2.0
256.159, 218.36624, 2.0
255.57913000000002, 223.80945000000003, 2.0
255.80737499999998, 228.21447999999998, 2.0
256.66785, 231.25795, 2.0
257.91803, 232.7149, 2.0
259.27465, 232.477175, 2.0
260.44342, 230.56261999999998, 2.0
261.14955, 227.11329999999998, 2.0
261.16687, 222.3841, 2.0
260.34198, 216.721435, 2.0
258.61175, 210.53505, 2.0
256.01205, 204.26462, 2.0
252.67737, 198.34425, 2.0
248.83035, 193.168, 2.0
244.76336500000002, 189.05931, 2.0
240.81252999999998, 186.246935, 2.0
237.32711999999998, 184.84929, 2.0
234.63715000000002, 184.8687, 2.0
233.02179999999998, 186.19562, 2.0
232.68165, 188.62259, 2.0
233.71730000000002, 191.86632, 2.0
236.116575, 195.596, 2.0
239.751375, 199.465165, 2.0
244.38452, 203.14415, 2.0
249.6864, 206.350325, 2.0
255.26006999999998, 208.873215, 2.0
260.67235, 210.592485, 2.0
265.48877, 211.48697, 2.0
269.30902, 211.63434, 2.0
271.80023, 211.201065, 2.0
272.7246, 210.42418, 2.0
271.9599, 209.586135, 2.0
269.51, 208.985335, 2.0
265.50545, 208.90525, 2.0
260.1936, 209.584565, 2.0
253.918975, 211.19165, 2.0
247.09598, 213.80542, 2.0
240.17604999999998, 217.40455, 2.0
233.6121, 221.86604999999997, 2.0
227.82317999999998, 226.9735, 2.0
223.16285, 232.43401999999998, 2.0
219.89281999999997, 237.9031, 2.0
218.1658, 243.01407, 2.0
218.016725, 247.41082999999998, 2.0
219.365, 250.77974999999998, 2.0
222.026, 252.87885, 2.0
225.7314, 253.56054999999998, 2.0
230.155975, 252.78701999999998, 2.0
234.948515, 250.63562000000002, 2.0
239.7643, 247.29475000000002, 2.0
244.29559999999998, 243.04955, 2.0
248.29784999999998, 238.25940000000003, 2.0
251.60950000000003, 233.32852000000003, 2.0
254.16271999999998, 228.67239999999998, 2.0
255.98553500000003, 224.68322999999998, 2.0
257.194275, 221.69671499999998, 2.0
257.977325, 219.96402, 2.0
292.0, 360.0, 1.0
292.25055, 360.47835, 1.0
292.3798, 361.05955, 1.0
292.35625, 361.7119, 1.0
292.15683, 362.395415, 1.0
291.76875, 363.06357, 1.0
291.19125, 363.66632, 1.0
290.4365, 364.15295, 1.0
289.5296, 364.47535, 1.0
288.50825, 364.591215, 1.0
287.42085, 364.46725, 1.0
286.3248, 364.081725, 1.0
285.28345, 363.4268, 1.0
284.36267, 362.50992, 1.0
283.62738, 361.35455, 1.0
283.1375, 360.0, 1.0
282.944275, 358.500275, 1.0
283.08673, 356.92203, 1.0
283.58853, 355.341825, 1.0
284.4557, 353.84245, 1.0
285.675, 352.50888, 1.0
287.21345, 351.42385, 1.0
289.018615, 350.6631, 1.0
291.02045, 350.291, 1.0
293.133425, 350.35625, 1.0
295.260375, 350.88867, 1.0
297.29685, 351.895965, 1.0
299.1358, 353.3624, 1.0
300.67322, 355.247925, 1.0
301.81357, 357.4889, 1.0
302.475, 359.99995, 1.0
302.59448, 362.67697, 1.0
302.1319, 365.4014, 1.0
301.07345, 368.04525, 1.0
299.4337, 370.47705, 1.0
297.256315, 372.56815, 1.0
294.6137, 374.19925, 1.0
291.604675, 375.266725, 1.0
288.351165, 375.6886, 1.0
284.993225, 375.409515, 1.0
281.6834, 374.40495, 1.0
278.57965, 372.6837, 1.0
275.8382, 370.28925, 1.0
273.60568, 367.2993, 1.0
272.01187, 363.82355, 1.0
271.1625, 360.00003, 1.0
271.13315, 355.98975, 1.0
271.964325, 351.97, 1.0
273.65785, 348.12675, 1.0
276.17523, 344.646, 1.0
279.43753, 341.7052, 1.0
283.3276, 339.4643, 1.0
287.693815, 338.057525, 1.0
292.3559, 337.58597, 1.0
297.11212, 338.11145, 1.0
301.74805, 339.65207, 1.0
306.04587, 342.179475, 1.0
309.79475, 345.6185, 1.0
312.80065, 349.8487, 1.0
314.89635, 354.70835, 1.0
315.95, 360.00025, 1.0
315.87277, 365.4997, 1.0
314.6245, 370.96385, 1.0
312.21747, 376.1423, 1.0
308.71755, 380.78845, 1.0
304.24345, 384.67108, 1.0
298.962675, 387.5855, 1.0
293.085875, 389.36415, 1.0
286.85845, 389.88535, 1.0
280.5506, 389.08078, 1.0
274.445375, 386.94037, 1.0
268.82663, 383.51462, 1.0
263.9655, 378.91445, 1.0
260.1078, 373.30823, 1.0
257.4618, 366.91555, 1.0
256.1875, 359.99933, 1.0
256.387725, 352.854765, 1.0
258.10155, 345.79715, 1.0
261.300475, 339.1478, 1.0
265.88775, 333.21975, 1.0
271.7005, 328.30315, 1.0
278.51515, 324.65143, 1.0
286.0558, 322.46835, 1.0
294.00522, 321.89743, 1.0
302.018065, 323.01355, 1.0
309.73575, 325.81745, 1.0
316.802275, 330.23355, 1.0
322.88065, 336.111175, 1.0
327.66865, 343.229125, 1.0
330.9135, 351.30377, 1.0
332.425, 360.00015, 1.0
332.7901, 364.49765, 1.0
332.6765, 369.07147, 1.0
332.072265, 373.67047, 1.0
330.970825, 378.24182, 1.0
329.37145, 382.73165, 1.0
327.279175, 387.08557, 1.0
324.70508, 391.24942, 1.0
321.6661, 395.1698, 1.0
318.18518, 398.79483, 1.0
314.29095, 402.07483, 1.0
310.01773, 404.9628, 1.0
305.4051, 407.41522, 1.0
300.49762, 409.3926, 1.0
295.34445, 410.86, 1.0
289.99878, 411.7875, 1.0
284.5174, 412.15095, 1.0
278.960085, 411.932, 1.0
273.388915, 411.11885, 1.0
267.867675, 409.70615, 1.0
262.46105, 407.695525, 1.0
257.23395, 405.0956, 1.0
252.25072999999998, 401.92205, 1.0
247.57440000000003, 398.19755, 1.0
243.26593000000003, 393.95178, 1.0
239.38335, 389.22107, 1.0
235.98115, 384.04828, 1.0
233.10944999999998, 378.4824, 1.0
230.81341500000002, 372.57797, 1.0
229.1325, 366.39485, 1.0
228.09997499999997, 359.9973, 1.0
227.74237, 353.45365, 1.0
228.07898, 346.8353, 1.0
229.12142999999998, 340.2162, 1.0
230.87356499999999, 333.671785, 1.0
233.3311, 327.2784, 1.0
236.481475, 321.11235, 1.0
240.3039, 315.24872, 1.0
244.76947, 309.761, 1.0
249.84112499999998, 304.719665, 1.0
255.4742, 300.19177, 1.0
261.616515, 296.23975, 1.0
268.208985, 292.9207, 1.0
275.18615, 290.2857, 1.0
282.4768, 288.37903, 1.0
290.00458, 287.2375, 1.0
297.688935, 286.88985, 1.0
305.44585, 287.3564, 1.0
313.18878, 288.64853, 1.0
320.8296, 290.76828, 1.0
328.2796, 293.7084, 1.0
335.45053, 297.45205, 1.0
342.2555, 301.97285, 1.0
348.61015, 307.235, 1.0
354.433625, 313.1936, 1.0
359.64955, 319.7949, 1.0
364.187, 326.976685, 1.0
367.9815, 334.669065, 1.0
370.9757, 342.79485, 1.0
373.12035, 351.27055, 1.0
374.375, 360.007, 1.0
374.7085, 368.91043, 1.0
374.0996, 377.883425, 1.0
372.5375, 386.82595, 1.0
370.0219, 395.6365, 1.0
366.56355, 404.213075, 1.0
362.18385, 412.45462, 1.0
356.915285, 420.26193, 1.0
350.80095, 427.53897, 1.0
343.89438, 434.19397, 1.0
336.25897, 440.14065, 1.0
327.9677, 445.299135, 1.0
319.1021, 449.59717, 1.0
309.75185, 452.970825, 1.0
300.0136, 455.365725, 1.0
295.030885, 466.2378, 2.0
295.6779, 466.9525, 2.0
296.5808, 469.036135, 2.0
297.966125, 472.31245, 2.0
300.0041, 476.50424999999996, 2.0
302.787565, 481.2572, 2.0
306.3181, 486.16904999999997, 2.0
310.5012, 490.8242, 2.0
315.15045, 494.828, 2.0
320.00145, 497.83910000000003, 2.0
324.73337, 499.5979, 2.0
328.99643, 499.94605, 2.0
332.44365, 498.83855000000005, 2.0
334.76288, 496.3452, 2.0
335.70685, 492.64189999999996, 2.0
335.11853, 487.99345000000005, 2.0
332.94905, 482.72860000000003, 2.0
329.266725, 477.2096, 2.0
324.2561, 471.80017, 2.0
318.20705, 466.8333, 2.0
311.49435, 462.58255, 2.0
304.55015, 459.2395, 2.0
297.830565, 456.8991, 2.0
291.7803, 455.554015, 2.0
286.79735, 455.09875, 2.0
283.2016, 455.343, 2.0
281.20925, 456.032625, 2.0
280.916, 456.8769, 2.0
282.289915, 457.578765, 2.0
285.174925, 457.8656, 2.0
289.30432, 457.517885, 2.0
294.32318, 456.392425, 2.0
299.81825, 454.43865, 2.0
305.35185, 451.70585, 2.0
310.49755, 448.34082, 2.0
314.87442, 444.57645, 2.0
318.176575, 440.71125, 2.0
320.196165, 437.08275, 2.0
320.83728, 434.0363, 2.0
320.1201, 431.89245, 2.0
318.175, 430.915835, 2.0
315.227, 431.2884, 2.0
311.5725, 433.0893, 2.0
307.55025, 436.28365, 2.0
303.50915, 440.7211, 2.0
299.7759, 446.14435, 2.0
296.62567, 452.207365, 2.0
294.258025, 458.5016, 2.0
292.78035, 464.5877, 2.0
292.2005, 470.0309, 2.0
292.42877, 474.43595, 2.0
293.28925, 477.47945000000004, 2.0
294.5394, 478.93640000000005, 2.0
295.89605, 478.69860000000006, 2.0
297.0648, 476.78405, 2.0
297.77095, 473.33478, 2.0
297.78827, 468.60555, 2.0
296.96338, 462.9429, 2.0
295.233125, 456.75653, 2.0
292.633425, 450.486085, 2.0
289.29875, 444.5657, 2.0
285.45172, 439.389465, 2.0
281.384765, 435.28075, 2.0
277.4339, 432.468385, 2.0
273.9485, 431.07077, 2.0
271.25855, 431.09015, 2.0
269.6432, 432.417085, 2.0
269.303, 434.84405, 2.0
270.33865, 438.08777, 2.0
272.73795, 441.817475, 2.0
276.37275, 445.6866, 2.0
281.0059, 449.36563, 2.0
286.3078, 452.571775, 2.0
291.88147, 455.0947, 2.0
297.29373, 456.813935, 2.0
302.11017, 457.70845, 2.0
305.93042, 457.8558, 2.0
308.4216, 457.42255, 2.0
309.346, 456.64565, 2.0
308.5813, 455.8076, 2.0
306.13138, 455.20682, 2.0
302.12683, 455.1267, 2.0
296.815, 455.80603, 2.0
290.54035, 457.413115, 2.0
283.71735, 460.0269, 2.0
276.797425, 463.626, 2.0
270.23345, 468.087525, 2.0
264.44458, 473.19495, 2.0
259.7842, 478.65549999999996, 2.0
256.51422, 484.12455, 2.0
254.78717, 489.23555, 2.0
254.6381, 493.63225, 2.0
255.98635000000002, 497.00120000000004, 2.0
258.6474, 499.10035000000005, 2.0
262.352785, 499.78200000000004, 2.0
266.77735, 499.0085, 2.0
271.5699, 496.85704999999996, 2.0
276.38568, 493.51625, 2.0
280.91695, 489.27099999999996, 2.0
284.91925, 484.4809, 2.0
288.230865, 479.54999999999995, 2.0
290.7841, 474.89385, 2.0
292.606935, 470.90465, 2.0
293.815675, 467.9182, 2.0
294.5987, 466.1855, 2.0
414.0, 154.0, 1.0
414.25055, 154.478365, 1.0
414.37974999999994, 155.05955, 1.0
414.35625000000005, 155.71193, 1.0
414.15684999999996, 156.3954, 1.0
413.76874999999995, 157.06357, 1.0
413.19129999999996, 157.66632, 1.0
412.4365, 158.15295, 1.0
411.529635, 158.47534, 1.0
410.5082, 158.59123, 1.0
409.42085, 158.46725, 1.0
408.3248, 158.081725, 1.0
407.28345, 157.42679, 1.0
406.36267, 156.5099, 1.0
405.62738, 155.35455, 1.0
405.1375, 154.0, 1.0
404.9443, 152.500275, 1.0
405.08673, 150.92203, 1.0
405.58853, 149.34181, 1.0
406.4557, 147.84244, 1.0
407.675, 146.5089, 1.0
409.2134, 145.42386, 1.0
411.018615, 144.6631, 1.0
413.0204, 144.290985, 1.0
415.13340000000005, 144.356275, 1.0
417.2604, 144.88867, 1.0
419.29690000000005, 145.89598, 1.0
421.1358, 147.3624, 1.0
422.67319999999995, 149.24791, 1.0
423.81359999999995, 151.48889, 1.0
424.475, 153.99994, 1.0
424.59450000000004, 156.67697, 1.0
424.1319, 159.4014, 1.0
423.07349999999997, 162.04525, 1.0
421.43370000000004, 164.47705, 1.0
419.25635, 166.56815, 1.0
416.6137, 168.19925, 1.0
413.60474999999997, 169.266725, 1.0
410.351165, 169.6886, 1.0
406.99325, 169.40953, 1.0
403.6834, 168.40494, 1.0
400.57968, 166.683685, 1.0
397.8382, 164.28925, 1.0
395.60568, 161.299285, 1.0
394.01187, 157.82355, 1.0
393.1625, 154.00003, 1.0
393.13315, 149.98975, 1.0
393.964325, 145.97, 1.0
395.657865, 142.12674, 1.0
398.17523, 138.646, 1.0
401.43753, 135.7052, 1.0
405.3276, 133.4643, 1.0
409.693815, 132.057525, 1.0
414.3559, 131.58597, 1.0
419.11210000000005, 132.111465, 1.0
423.74805000000003, 133.65207, 1.0
428.04589999999996, 136.179475, 1.0
431.79475, 139.6185, 1.0
434.80065, 143.8487, 1.0
436.89635, 148.70833, 1.0
437.95000000000005, 154.00023, 1.0
437.8728, 159.4997, 1.0
436.6245, 164.963835, 1.0
434.21745, 170.1423, 1.0
430.7175, 174.788465, 1.0
426.24339999999995, 178.67108, 1.0
420.96265000000005, 181.58551, 1.0
415.08590000000004, 183.364135, 1.0
408.8585, 183.88535, 1.0
402.5506, 183.0808, 1.0
396.4454, 180.94035, 1.0
390.82663, 177.5146, 1.0
385.965485, 172.914475, 1.0
382.1078, 167.30821, 1.0
379.4618, 160.91556, 1.0
378.1875, 153.99933, 1.0
378.387725, 146.854765, 1.0
380.10153, 139.79715, 1.0
383.3005, 133.1478, 1.0
387.88775, 127.21974, 1.0
393.7005, 122.30317500000001, 1.0
400.51515, 118.65143, 1.0
408.05575, 116.46834000000001, 1.0
416.00525000000005, 115.89743000000001, 1.0
424.01805, 117.01353499999999, 1.0
431.73569999999995, 119.81745000000001, 1.0
438.80224999999996, 124.23355000000001, 1.0
444.88059999999996, 130.111175, 1.0
449.66864999999996, 137.229125, 1.0
452.9135, 145.30377, 1.0
454.42499999999995, 154.00017, 1.0
454.79010000000005, 158.49765, 1.0
454.67650000000003, 163.07147, 1.0
454.07225000000005, 167.67047, 1.0
452.97085000000004, 172.241835, 1.0
451.37145, 176.73166, 1.0
449.27914999999996, 181.085585, 1.0
446.7051, 185.24942, 1.0
443.66615, 189.169785, 1.0
440.1852, 192.79483, 1.0
436.29094999999995, 196.074815, 1.0
432.0177, 198.9628, 1.0
427.40515000000005, 201.41522, 1.0
422.4977, 203.39261, 1.0
417.34450000000004, 204.85997, 1.0
411.99878, 205.7875, 1.0
406.5174, 206.15094, 1.0
400.960085, 205.932, 1.0
395.388915, 205.118835, 1.0
389.867675, 203.70615, 1.0
384.46105, 201.695525, 1.0
379.23395, 199.09561, 1.0
374.25073, 195.92205, 1.0
369.5744, 192.19755, 1.0
365.26593, 187.951765, 1.0
361.38335, 183.22107, 1.0
357.98115, 178.04828, 1.0
355.10945, 172.48239, 1.0
352.813415, 166.57799, 1.0
351.1325, 160.39485, 1.0
350.099975, 153.997315, 1.0
349.74237, 147.45366, 1.0
350.07898, 140.83531, 1.0
351.12143, 134.21617, 1.0
352.873565, 127.671785, 1.0
355.3311, 121.278425, 1.0
358.481475, 115.11232000000001, 1.0
362.303925, 109.24871999999999, 1.0
366.76947, 103.76096999999999, 1.0
371.84115, 98.71966499999999, 1.0
377.4742, 94.19176999999999, 1.0
383.616515, 90.23973, 1.0
390.208985, 86.92069, 1.0
397.18615, 84.2857, 1.0
404.4768, 82.379035, 1.0
408.216, 91.76657, 2.0
408.863, 92.48127500000001, 2.0
409.76595, 94.56491, 2.0
411.151275, 97.841215, 2.0
413.1892, 102.033065, 2.0
415.97270000000003, 106.78592, 2.0
419.50329999999997, 111.6978, 2.0
423.68634999999995, 116.35298, 2.0
428.33555, 120.35673499999999, 2.0
433.18665, 123.36789999999999, 2.0
437.91845, 125.12665000000001, 2.0
442.1816, 125.474775, 2.0
445.62879999999996, 124.36731, 2.0
447.948, 121.87396000000001, 2.0
448.89194999999995, 118.17067, 2.0
448.30364999999995, 113.52225000000001, 2.0
446.13415, 108.25734, 2.0
442.45185000000004, 102.73835, 2.0
437.44129999999996, 97.32894999999999, 2.0
431.3922, 92.36206000000001, 2.0
424.67949999999996, 88.111305, 2.0
417.73530000000005, 84.76828, 2.0
411.0157, 82.42788, 2.0
404.965425, 81.082785, 2.0
399.9825, 80.627525, 2.0
396.38675, 80.87174, 2.0
394.39438, 81.56138, 2.0
394.10115, 82.40568, 2.0
395.475065, 83.10753, 2.0
398.360075, 83.39437, 2.0
402.48945, 83.046645, 2.0
407.5083, 81.921195, 2.0
413.00340000000006, 79.96742, 2.0
418.53700000000003, 77.2346, 2.0
423.68269999999995, 73.86959, 2.0
428.05954999999994, 70.10521, 2.0
431.36170000000004, 66.240015, 2.0
433.38135, 62.61152, 2.0
434.02239999999995, 59.565065000000004, 2.0
433.30525, 57.42121, 2.0
431.3601, 56.44461, 2.0
428.4121, 56.817175000000006, 2.0
424.75765, 58.618075000000005, 2.0
420.7354, 61.812439999999995, 2.0
416.69435, 66.249865, 2.0
412.96105, 71.6731, 2.0
409.81082, 77.736135, 2.0
407.443175, 84.03035, 2.0
405.9655, 90.11648, 2.0
405.38565, 95.55969999999999, 2.0
405.6139, 99.96472, 2.0
406.47435, 103.00820999999999, 2.0
407.72455, 104.46512000000001, 2.0
409.081175, 104.22741500000001, 2.0
410.24995, 102.312835, 2.0
410.95605, 98.86355, 2.0
410.9734, 94.13434000000001, 2.0
410.1485, 88.471665, 2.0
408.41825, 82.285295, 2.0
405.818575, 76.01486, 2.0
402.48385, 70.09448, 2.0
398.63687, 64.91823, 2.0
394.5699, 60.80955, 2.0
390.61905, 57.997159999999994, 2.0
387.13365, 56.599525, 2.0
384.44365, 56.61893499999999, 2.0
382.82835, 57.945859999999996, 2.0
382.48815, 60.372820000000004, 2.0
383.523775, 63.616550000000004, 2.0
385.9231, 67.34623, 2.0
389.5579, 71.215395, 2.0
394.19105, 74.894385, 2.0
399.49292, 78.100565, 2.0
405.0666, 80.62346, 2.0
410.47888, 82.34272, 2.0
415.2953, 83.237205, 2.0
419.11555, 83.384565, 2.0
421.60675000000003, 82.9513, 2.0
422.53115, 82.174425, 2.0
421.7664, 81.336365, 2.0
419.3165, 80.73558, 2.0
415.312, 80.655485, 2.0
410.00012, 81.3348, 2.0
403.7255, 82.941885, 2.0
396.9025, 85.555655, 2.0
389.982575, 89.154785, 2.0
383.4186, 93.6163, 2.0
377.62973, 98.723725, 2.0
372.96933, 104.18428, 2.0
369.69937, 109.653335, 2.0
367.97232, 114.76429999999999, 2.0
367.82325, 119.16104000000001, 2.0
369.1715, 122.53, 2.0
371.83252, 124.629075, 2.0
375.537935, 125.31079, 2.0
379.9625, 124.53725, 2.0
384.75505, 122.385865, 2.0
389.57083, 119.044985, 2.0
394.1021, 114.79979, 2.0
398.10437, 110.00966, 2.0
401.416, 105.07875000000001, 2.0
403.9692, 100.42264, 2.0
405.792085, 96.43343999999999, 2.0
407.0008, 93.44697500000001, 2.0
407.78385, 91.71426500000001, 2.0
